[hyprops.apswim.soil1]
sl= -3.000000D+00 -2.307000D+00 -1.614000D+00 -9.210000D-01 -2.280000D-01 +4.650000D-01 +1.158000D+00 +1.702500D+00 +2.073480D+00 +2.293844D+00 +2.699610D+00 +4.119737D+00 +5.040460D+00 +5.667035D+00 +6.090127D+00 +6.381218D+00 +6.577092D+00 +6.714375D+00 +6.804132D+00 +6.866407D+00 +6.900000D+00
wc= +5.500000D-01 +5.500000D-01 +5.500000D-01 +5.500000D-01 +5.499995D-01 +5.499889D-01 +5.497290D-01 +5.466732D-01 +5.316351D-01 +4.993413D-01 +4.132094D-01 +1.983937D-01 +1.101236D-01 +6.560061D-02 +4.105024D-02 +2.632977D-02 +1.731011D-02 +1.138041D-02 +7.668913D-03 +5.167881D-03 +3.843361D-03
wcd= -6.029390D-12 -1.466471D-10 -3.566756D-09 -8.675078D-08 -2.109956D-06 -5.131844D-05 -1.248169D-03 -1.532052D-02 -8.457342D-02 -2.292153D-01 -1.961809D-01 -1.137919D-01 -7.993734D-02 -6.286131D-02 -5.344543D-02 -4.779964D-02 -4.434030D-02 -4.206606D-02 -4.064258D-02 -3.968335D-02 -3.917535D-02
hkl= -6.989700D-01 -6.989700D-01 -6.989701D-01 -6.989707D-01 -6.989852D-01 -6.993390D-01 -7.079387D-01 -8.084210D-01 -1.286174D+00 -2.241368D+00 -4.825520D+00 -1.467327D+01 -2.257364D+01 -2.952605D+01 -3.581773D+01 -4.177802D+01 -4.740699D+01 -5.303579D+01 -5.833337D+01 -6.363086D+01 -6.760508D+01
hkld= -1.996156D-10 -4.855058D-09 -1.180849D-07 -2.872066D-06 -6.985439D-05 -1.698933D-03 -4.128121D-02 -5.008537D-01 -2.612308D+00 -6.593296D+00 -6.378762D+00 -7.697923D+00 -9.742259D+00 -1.286073D+01 -1.747370D+01 -2.436507D+01 -3.437866D+01 -4.960942D+01 -7.112750D+01 -1.030590D+02 -1.368018D+02

[hyprops.apswim.soil2]
sl= -3.000000D+00 -2.307000D+00 -1.614000D+00 -9.210000D-01 -2.280000D-01 +4.650000D-01 +1.158000D+00 +1.603500D+00 +1.909318D+00 +2.030020D+00 +4.036412D+00 +4.688180D+00 +5.334794D+00 +5.904862D+00 +6.271934D+00 +6.519428D+00 +6.684343D+00 +6.793347D+00 +6.865006D+00 +6.900000D+00
wc= +5.200000D-01 +5.200000D-01 +5.200000D-01 +5.199999D-01 +5.199987D-01 +5.199686D-01 +5.192361D-01 +5.140566D-01 +4.956963D-01 +4.804815D-01 +2.526114D-01 +1.893420D-01 +1.311479D-01 +8.335767D-02 +5.422398D-02 +3.527281D-02 +2.294516D-02 +1.492601D-02 +9.709519D-03 +7.177848D-03
wcd= -1.699354D-11 -4.133176D-10 -1.005273D-08 -2.445028D-07 -5.946808D-06 -1.446385D-04 -3.517903D-03 -2.737057D-02 -1.119229D-01 -1.273708D-01 -1.008079D-01 -9.343257D-02 -8.664887D-02 -8.107796D-02 -7.768184D-02 -7.547269D-02 -7.403566D-02 -7.310086D-02 -7.249278D-02 -7.219766D-02
hkl= -5.354744D-01 -5.354744D-01 -5.354744D-01 -5.354759D-01 -5.355109D-01 -5.363641D-01 -5.571292D-01 -7.048030D-01 -1.240530D+00 -1.699730D+00 -1.114517D+01 -1.492709D+01 -1.853399D+01 -2.278042D+01 -2.680767D+01 -3.083485D+01 -3.486198D+01 -3.888907D+01 -4.291614D+01 -4.574546D+01
hkld= -4.813737D-10 -1.170799D-08 -2.847622D-07 -6.925998D-06 -1.684548D-04 -4.097402D-03 -9.979775D-02 -7.842862D-01 -3.325861D+00 -3.904746D+00 -5.758323D+00 -5.478549D+00 -6.205706D+00 -9.109271D+00 -1.341683D+01 -2.003879D+01 -3.021840D+01 -4.586700D+01 -6.992279D+01 -9.419992D+01
